c++:
0.02
0.018
0.018
0.018
0.02
0.021
0.021
0.037
0.033
0.038
0.027
0.056
0.033
0.022
0.021
0.022
0.022
0.022
0.021
0.032
0.021
0.05
0.035
0.024
0.031
0.024
0.038
0.033
0.032

python:
0.013
0.01
0.007
0.008
0.007
0.008
0.007
0.008
0.008
0.008
0.009
0.009
0.008
0.009
0.01
0.009
0.02
0.01
0.009
0.009
0.008
0.009
0.01
0.026
0.016
0.012
0.013
0.014
0.018
0.015
0.036
0.019
0.011
0.026
0.015
0.031
0.033
0.014
0.014
0.031
0.018
0.022
0.02
0.022
0.015
0.028